0 8 18
0 25 7
0 34 18
0 42 36
1 20 16
1 23 29
1 30 22
1 47 26
2 11 29
2 12 45
2 24 1
2 25 28
2 27 27
2 31 31
2 34 26
2 36 47
2 37 21
2 38 34
2 46 34
3 16 14
3 32 45
3 33 3
3 34 28
3 38 1
3 42 23
3 44 49
3 46 24
3 48 48
3 49 8
4 8 33
4 11 50
4 19 25
4 21 39
4 32 17
4 39 11
4 41 5
4 44 46
4 45 33
5 10 30
5 11 24
5 14 27
5 25 31
5 28 2
5 29 4
5 43 11
5 45 27
5 48 50
6 10 31
6 16 11
6 17 33
6 19 45
6 26 5
6 35 36
6 40 23
7 22 5
7 25 9
7 29 22
7 30 29
7 31 6
7 32 29
7 35 11
7 41 6
8 0 4
8 4 50
8 13 23
8 20 14
8 23 5
8 29 18
8 33 46
8 39 35
8 44 41
9 10 23
9 13 15
9 14 43
9 15 26
9 22 25
9 23 19
9 31 26
9 32 6
9 34 29
9 37 9
9 42 1
9 47 34
9 48 44
10 5 24
10 6 39
10 9 3
10 17 45
10 36 17
10 39 8
10 41 24
10 48 28
11 2 14
11 4 27
11 5 28
11 15 36
11 18 40
11 25 32
11 28 4
11 30 36
11 31 16
11 38 45
11 45 8
12 2 30
12 18 37
12 23 34
12 27 5
12 33 6
12 43 9
12 47 10
12 49 34
13 8 17
13 9 11
13 18 18
13 25 11
13 48 34
14 5 6
14 9 13
14 15 29
14 20 23
14 21 21
14 27 2
14 30 1
14 32 34
14 40 28
14 43 28
14 48 20
15 9 18
15 11 10
15 14 23
15 23 4
15 28 26
15 30 17
15 31 11
15 35 6
15 37 3
15 41 45
15 45 10
15 48 9
16 3 3
16 6 20
16 17 42
16 20 19
16 27 30
16 28 10
16 38 30
16 41 13
16 45 16
16 48 42
17 6 42
17 10 38
17 16 12
17 18 43
17 22 38
17 23 46
17 29 20
17 33 16
17 35 15
17 36 37
17 49 26
18 11 38
18 12 41
18 13 1
18 17 4
18 23 1
18 27 6
18 29 7
18 30 46
18 44 16
18 47 15
19 4 48
19 6 35
19 20 7
19 39 17
19 41 15
19 43 16
19 48 46
19 49 28
20 1 32
20 8 38
20 14 19
20 16 19
20 19 50
20 22 11
20 25 7
20 26 45
20 28 30
20 34 23
20 45 10
20 48 17
20 49 49
21 4 47
21 14 7
21 28 49
21 34 1
21 35 8
21 43 5
22 7 7
22 9 4
22 17 21
22 20 22
22 23 1
22 27 6
22 29 28
22 33 18
22 37 20
22 40 44
22 44 14
22 49 47
23 1 26
23 8 1
23 9 15
23 12 44
23 15 50
23 17 26
23 18 1
23 22 44
23 35 6
23 44 24
23 45 3
23 47 23
23 49 22
24 2 50
24 32 30
24 35 20
24 40 50
24 49 37
25 0 25
25 2 6
25 5 40
25 7 45
25 11 28
25 13 41
25 20 1
25 29 6
25 30 8
25 37 20
25 38 50
25 40 21
25 41 16
25 44 25
25 48 22
26 6 31
26 20 19
26 30 21
26 31 6
26 32 19
26 37 15
26 40 12
26 46 42
26 48 18
27 2 34
27 12 14
27 14 17
27 16 13
27 18 33
27 22 16
27 29 50
27 30 8
27 35 22
27 42 40
27 45 3
27 47 49
28 5 30
28 11 3
28 15 5
28 16 38
28 20 22
28 21 4
28 31 9
28 32 38
28 37 28
29 5 30
29 7 19
29 8 46
29 17 1
29 18 25
29 22 15
29 25 15
29 27 36
29 30 6
29 33 32
29 36 19
29 40 19
29 45 49
29 46 31
30 1 2
30 7 14
30 11 31
30 14 10
30 15 36
30 18 20
30 25 13
30 26 35
30 27 49
30 29 15
30 46 39
30 47 37
30 48 37
30 49 42
31 2 45
31 7 25
31 9 20
31 11 25
31 15 44
31 26 15
31 28 26
31 44 18
31 49 29
32 3 40
32 4 3
32 7 35
32 9 22
32 14 22
32 24 4
32 26 20
32 28 3
32 47 6
32 49 34
33 3 33
33 8 16
33 12 19
33 17 2
33 22 28
33 29 4
33 36 1
33 40 43
33 42 42
33 48 37
33 49 30
34 0 34
34 2 32
34 3 5
34 9 3
34 20 7
34 21 48
34 38 18
34 42 32
34 43 15
35 6 47
35 7 22
35 15 18
35 17 31
35 21 43
35 23 40
35 24 35
35 27 13
35 38 42
35 42 41
36 2 46
36 10 24
36 17 7
36 29 15
36 33 26
36 43 34
36 48 18
37 2 26
37 9 27
37 15 10
37 22 13
37 25 6
37 26 43
37 28 44
37 38 10
37 39 46
37 49 1
38 2 8
38 3 13
38 11 32
38 16 22
38 25 9
38 34 3
38 35 40
38 37 40
38 47 46
38 49 29
39 4 25
39 8 8
39 10 21
39 19 16
39 37 3
39 41 45
39 48 22
40 6 18
40 14 20
40 22 5
40 24 36
40 25 46
40 26 32
40 29 45
40 33 8
40 42 38
40 46 38
41 4 2
41 7 47
41 10 33
41 15 2
41 16 5
41 19 46
41 25 34
41 39 26
41 48 5
41 49 36
42 0 16
42 3 44
42 9 31
42 27 44
42 33 19
42 34 39
42 35 14
42 40 34
42 43 41
42 48 9
43 5 5
43 12 9
43 14 28
43 19 10
43 21 44
43 34 23
43 36 41
43 42 39
43 46 31
43 49 28
44 3 26
44 4 32
44 8 25
44 18 9
44 22 34
44 23 30
44 25 5
44 31 17
44 45 6
45 4 9
45 5 3
45 11 21
45 15 3
45 16 34
45 20 15
45 23 21
45 27 22
45 29 29
45 44 5
45 48 13
46 2 37
46 3 9
46 26 21
46 29 14
46 30 19
46 40 15
46 43 37
46 48 10
46 49 3
47 1 18
47 9 38
47 12 29
47 18 50
47 23 13
47 27 38
47 30 33
47 32 42
47 38 42
48 3 50
48 5 47
48 9 1
48 10 2
48 13 17
48 14 3
48 15 36
48 16 31
48 19 23
48 20 8
48 25 10
48 26 28
48 30 20
48 33 46
48 36 36
48 39 41
48 41 10
48 42 5
48 45 6
48 46 47
48 49 14
49 3 9
49 12 14
49 17 1
49 19 37
49 20 13
49 22 14
49 23 25
49 24 45
49 30 5
49 31 17
49 32 45
49 33 1
49 37 17
49 38 47
49 41 18
49 43 20
49 46 32
49 48 49
