0 6 7
0 8 30
0 10 29
0 13 18
0 28 29
0 30 40
0 32 44
0 39 44
0 41 36
1 4 33
1 6 25
1 8 9
1 9 13
1 15 40
1 20 11
1 29 40
1 30 9
1 37 30
1 44 47
2 6 43
2 9 25
2 12 22
2 18 33
2 21 10
2 24 36
2 26 9
3 10 6
3 29 6
3 34 43
3 37 9
3 40 28
3 43 49
4 1 39
4 6 7
4 10 16
4 13 17
4 14 46
4 16 10
4 17 10
4 27 32
4 39 42
4 41 35
5 6 40
5 9 5
5 18 24
5 24 1
5 30 45
5 31 33
5 33 30
5 39 41
5 40 25
5 43 5
6 0 12
6 1 8
6 2 15
6 4 47
6 5 17
6 7 20
6 10 3
6 15 9
6 16 29
6 22 31
6 30 8
6 31 17
6 35 37
6 41 24
6 44 34
7 6 33
7 8 33
7 14 44
7 23 14
7 27 25
7 28 28
7 33 4
7 35 30
8 0 2
8 1 4
8 7 24
8 9 34
8 12 34
8 14 15
8 17 9
8 21 38
8 23 27
8 29 16
8 30 2
8 31 24
8 32 33
8 35 22
9 1 26
9 2 42
9 5 50
9 8 6
9 17 49
9 26 17
9 30 43
9 35 23
9 36 50
9 44 25
10 0 6
10 3 43
10 4 39
10 6 31
10 15 21
10 19 43
10 20 10
10 28 22
10 29 47
10 32 34
10 33 6
10 37 30
10 38 48
10 44 14
11 15 17
11 16 25
11 17 30
11 19 19
11 20 49
11 23 12
11 24 41
11 29 24
11 34 4
11 38 41
11 44 30
12 2 3
12 8 7
12 16 22
12 23 25
12 24 6
12 26 47
12 37 30
12 38 49
12 39 36
12 40 10
12 43 19
13 0 28
13 4 20
13 14 41
13 15 24
13 23 3
13 24 46
13 38 4
13 39 1
13 44 10
14 4 21
14 7 26
14 8 39
14 13 39
14 15 24
14 19 1
14 20 30
14 29 48
14 32 4
14 34 20
14 37 27
14 38 6
14 39 26
14 40 49
14 43 31
15 1 32
15 6 46
15 10 10
15 11 30
15 13 31
15 14 20
15 20 49
15 25 9
15 34 39
15 37 39
15 39 33
15 41 42
15 44 34
16 4 36
16 6 42
16 11 43
16 12 6
16 18 18
16 22 32
16 24 45
16 29 41
16 32 33
16 35 24
16 36 38
16 40 37
16 43 43
17 4 15
17 8 42
17 9 19
17 11 13
17 19 23
17 24 50
17 26 9
17 31 33
17 41 30
17 44 39
18 2 2
18 5 28
18 16 48
18 20 41
18 27 16
18 29 30
18 30 33
18 35 50
18 37 15
18 38 25
18 41 43
18 44 21
19 10 42
19 11 24
19 14 15
19 17 32
19 20 6
19 23 39
19 28 19
19 30 42
19 31 31
19 33 33
19 34 34
20 1 49
20 10 46
20 11 7
20 14 49
20 15 4
20 18 39
20 19 28
20 27 43
20 29 41
20 30 5
20 39 41
21 2 31
21 8 21
21 22 20
21 31 13
21 44 21
22 6 35
22 16 38
22 21 13
22 24 6
22 29 29
22 34 37
22 36 20
22 42 10
22 43 43
23 7 9
23 8 29
23 11 34
23 12 39
23 13 12
23 19 18
23 26 38
23 31 8
23 34 25
23 38 36
23 41 12
23 44 13
24 2 14
24 5 5
24 11 3
24 12 18
24 13 45
24 16 34
24 17 39
24 22 14
24 27 47
24 40 9
24 43 49
25 15 34
25 26 22
25 38 4
25 44 12
26 2 8
26 9 24
26 12 22
26 17 50
26 23 32
26 25 50
26 28 34
26 32 21
26 36 12
26 41 2
26 44 8
27 4 19
27 7 26
27 18 44
27 20 30
27 24 38
27 28 7
27 32 34
27 33 41
27 44 25
28 0 28
28 7 24
28 10 14
28 19 42
28 26 21
28 27 23
28 30 41
28 31 4
28 38 44
28 43 44
29 1 16
29 3 2
29 8 18
29 10 37
29 11 1
29 14 49
29 16 37
29 18 35
29 20 20
29 22 48
29 32 36
29 41 28
29 43 17
30 0 11
30 1 21
30 5 47
30 6 49
30 8 28
30 9 30
30 18 40
30 19 3
30 20 8
30 28 13
30 31 17
30 33 50
30 35 33
30 38 39
31 5 41
31 6 37
31 8 33
31 17 35
31 19 3
31 21 34
31 23 2
31 28 39
31 30 35
31 34 1
31 38 26
31 39 19
31 44 20
32 0 24
32 8 4
32 10 47
32 14 40
32 16 15
32 26 18
32 27 37
32 29 14
32 37 46
32 40 16
32 41 3
32 43 48
32 44 24
33 5 16
33 7 15
33 10 24
33 19 49
33 27 3
33 30 14
33 37 35
33 41 35
33 42 48
33 44 37
34 3 19
34 11 50
34 14 26
34 15 3
34 19 50
34 22 2
34 23 21
34 31 19
34 37 25
34 42 25
35 6 16
35 7 15
35 8 40
35 9 33
35 16 1
35 18 3
35 30 28
35 40 17
35 42 6
35 43 26
36 9 41
36 16 21
36 22 41
36 26 14
36 38 19
36 40 43
36 44 28
37 1 4
37 3 28
37 10 25
37 12 41
37 14 47
37 15 24
37 18 16
37 32 49
37 33 24
37 34 18
37 39 20
37 44 42
38 10 42
38 11 45
38 12 8
38 13 7
38 14 34
38 18 40
38 23 7
38 25 37
38 28 18
38 30 24
38 31 42
38 36 44
38 40 14
38 44 13
39 0 34
39 4 28
39 5 31
39 12 27
39 13 5
39 14 35
39 15 5
39 20 30
39 31 25
39 37 1
39 40 4
39 41 41
39 43 50
40 3 27
40 5 8
40 12 20
40 14 19
40 16 50
40 24 14
40 32 26
40 35 6
40 36 48
40 38 16
40 39 12
40 42 35
40 44 34
41 0 36
41 4 27
41 6 27
41 15 49
41 17 39
41 18 11
41 23 27
41 26 20
41 29 38
41 32 31
41 33 4
41 39 42
41 42 11
41 44 29
42 22 43
42 33 14
42 34 19
42 35 43
42 40 41
42 41 27
42 44 12
43 3 10
43 5 26
43 12 26
43 14 35
43 16 31
43 22 23
43 24 1
43 28 43
43 29 7
43 32 34
43 35 28
43 39 34
43 44 11
44 1 27
44 6 22
44 9 22
44 10 3
44 11 42
44 13 9
44 15 34
44 17 45
44 18 1
44 21 44
44 23 23
44 25 43
44 26 8
44 27 42
44 31 36
44 32 48
44 33 18
44 36 47
44 37 8
44 38 44
44 40 22
44 41 43
44 42 24
44 43 45
